# Clauser Mild Positive Pressure Gradient
IDENT = 2200
V = 0.000165

# Summary data
# X     UI       DUI   THETA    H      HS      G       CF     CFLT      CFE     BETA
 6.920  32.50  -1.060  0.343  1.580  1.706  11.136  0.00217  0.00206  0.00210   1.358
11.000  29.10  -0.660  0.568  1.536  1.687  11.254  0.00192  0.00199  0.00214   1.715
12.750  28.00  -0.560  0.646  1.535  1.691  11.187  0.00194  0.00194  0.00208   1.704
18.580  25.20  -0.390  0.900  1.480  1.707  10.302  0.00198  0.00199  0.00193   1.732
23.830  23.60  -0.320  1.175  1.444  1.724   9.658  0.00203  0.00200  0.00175   1.891
26.920  22.50  -0.280  1.365  1.461  1.715  10.204  0.00191  0.00189  0.00183   2.164
29.750  21.80  -0.260  1.470  1.443  1.723   9.859  0.00194  0.00192  0.00173   2.172
32.250  21.20  -0.240  1.626  1.446  1.720  10.032  0.00189  0.00188  0.00176   2.349

# Edge velocity plot
# X    UI      DUI
0.78  33.36  -4.13

# Stations summary
#  X      US      UI       V      THETA    DELS    ENTH     CLTH      H        G       HS     RTHETA   RDELS
 6.9200  1.071  32.500  0.000165  0.3435  0.5426  0.5859   16.4650  1.5796  11.1357  1.7060   5637.5   8904.7
11.0000  0.902  29.100  0.000165  0.5680  0.8724  0.9579   28.1337  1.5360  11.2537  1.6866   8347.2  12821.1
12.7500  0.872  28.000  0.000165  0.6464  0.9922  1.0933   31.8503  1.5349  11.1870  1.6913   9141.4  14031.4
18.5800  0.794  25.200  0.000165  0.8999  1.3321  1.5365   42.2949  1.4803  10.3021  1.7075  11453.0  16954.3
23.8300  0.752  23.600  0.000165  1.1752  1.6973  2.0255   53.2945  1.4442   9.6581  1.7235  14007.7  20230.2
26.9200  0.696  22.500  0.000165  1.3653  1.9944  2.3412   64.5178  1.4607  10.2037  1.7148  15514.9  22663.3
29.7500  0.679  21.800  0.000165  1.4697  2.1212  2.5318   68.0906  1.4433   9.8585  1.7226  16182.0  23354.6
32.2500  0.651  21.200  0.000165  1.6255  2.3497  2.7959   76.4829  1.4455  10.0319  1.7200  17404.6  25158.5
