# Ludwieg and Tillman Mild Adverse Pressure Gradient
IDENT = 1300
V = 0.154000

# Summary data
# X     UI     DUI   THETA    H      HS     G       CF     CFLT      CFE     BETA
0.782  11.52  3.650  0.135  1.426  1.798  6.219  0.00461  0.00416  0.00454  -0.264
1.282  13.38  4.000  0.149  1.376  1.815  5.820  0.00440  0.00421  0.00434  -0.278
1.782  15.61  4.330  0.158  1.371  1.812  5.940  0.00415  0.00400  0.00415  -0.290
2.282  17.85  4.680  0.173  1.360  1.815  5.932  0.00398  0.00384  0.00396  -0.310
2.782  20.20  4.900  0.189  1.368  1.806  6.214  0.00375  0.00358  0.00365  -0.334
3.132  22.07  5.000  0.196  1.363  1.806  6.255  0.00362  0.00349  0.00356  -0.334
3.332  22.90  5.000  0.196  1.355  1.810  6.156  0.00362  0.00350  0.00347  -0.320
3.532  23.70  4.960  0.203  1.347  1.812  6.106  0.00356  0.00348  0.00342  -0.321
3.732  25.13  4.860  0.196  1.336  1.819  5.907  0.00362  0.00351  0.00348  -0.280
3.932  25.80  4.600  0.219  1.353  1.806  6.352  0.00338  0.00330  0.00336  -0.313
4.132  26.40  4.130  0.227  1.346  1.808  6.281  0.00335  0.00328  0.00330  -0.285
4.332  27.50  3.500  0.227  1.341  1.811  6.191  0.00338  0.00327  0.00320  -0.230

# Edge velocity plot
# X    UI    DUI
0.75  11.40  3.62
1.00  12.39  3.80
1.25  13.30  3.97
1.50  14.35  4.14
1.75  15.40  4.32
2.00  16.53  4.49
2.25  17.64  4.65
2.50  18.79  4.79
2.75  19.96  4.91
3.00  21.26  4.98
3.25  22.55  5.01
3.50  23.74  5.00
3.75  24.96  4.84
4.00  26.13  4.47
4.25  27.14  3.81

# Stations summary
# X      US      UI       V      THETA    DELS    ENTH     CLTH      H        G       HS     RTHETA   RDELS
0.7820  0.553  11.520  0.154000  0.1347  0.1920  0.2422    3.9999  1.4257   6.2194  1.7980   1007.6   1436.4
1.2820  0.628  13.380  0.154000  0.1488  0.2047  0.2702    4.3632  1.3757   5.8195  1.8155   1293.1   1778.9
1.7820  0.711  15.610  0.154000  0.1581  0.2168  0.2865    4.7580  1.3710   5.9402  1.8123   1602.6   2197.2
2.2820  0.796  17.850  0.154000  0.1732  0.2356  0.3144    5.2814  1.3598   5.9323  1.8149   2008.0   2730.4
2.7820  0.875  20.200  0.154000  0.1890  0.2586  0.3413    5.9721  1.3682   6.2138  1.8057   2479.6   3392.6
3.1320  0.939  22.070  0.154000  0.1958  0.2668  0.3536    6.2704  1.3627   6.2551  1.8060   2806.1   3823.9
3.3300  0.975  22.900  0.154000  0.1960  0.2656  0.3547    6.2379  1.3552   6.1562  1.8103   2914.0   3948.9
3.5320  1.000  23.700  0.154000  0.2027  0.2730  0.3673    6.4705  1.3470   6.1058  1.8124   3119.2   4201.7
3.7320  1.070  25.130  0.154000  0.1963  0.2622  0.3570    6.1594  1.3360   5.9074  1.8192   3202.8   4278.8
3.9320  1.060  25.800  0.154000  0.2188  0.2961  0.3953    7.2071  1.3531   6.3520  1.8064   3666.1   4960.7
4.1320  1.080  26.400  0.154000  0.2268  0.3052  0.4101    7.4602  1.3459   6.2810  1.8084   3888.0   5232.8
4.3320  1.130  27.500  0.154000  0.2274  0.3050  0.4119    7.4245  1.3411   6.1910  1.8109   4061.5   5447.0  

