# Ludwieg and Tillman Strong Adverse Pressure Gradient
IDENT = 1200
V = 0.150000

# Summary data
# X     UI      DUI   THETA    H      HS      G       CF     CFLT      CFE     BETA
0.782  33.00  -4.150  0.245  1.384  1.782   7.270  0.00292  0.00283  0.00283   0.292
1.282  31.20  -4.150  0.389  1.400  1.759   8.100  0.00249  0.00248  0.00245   0.582
1.782  28.80  -4.150  0.603  1.460  1.726   9.846  0.00205  0.00205  0.00220   1.241
2.282  27.10  -4.150  0.811  1.457  1.721  10.061  0.00194  0.00193  0.00197   1.861
2.782  24.65  -4.150  1.203  1.535  1.688  12.507  0.00155  0.00158  0.00160   4.004
3.132  23.45  -3.800  1.523  1.604  1.664  14.625  0.00133  0.00135  0.00138   5.967
3.332  22.90  -2.920  1.809  1.648  1.651  16.017  0.00120  0.00121  0.00123   6.312
3.532  22.43  -1.800  2.158  1.725  1.627  18.676  0.00101  0.00103  0.00106   5.897
3.732  22.10  -0.650  2.500  1.796  1.607  21.107  0.00088  0.00089  0.00095   2.996
3.932  22.13   0.600  3.276  2.040  1.558  29.538  0.00060  0.00057  0.00073  -6.082

# Edge velocity plot
# X    UI      DUI
0.78  33.36  -4.13
1.00  32.08  -4.13
1.50  30.07  -4.13
2.00  28.05  -4.13
2.50  26.01  -4.13
3.00  24.00  -4.09
3.25  23.16  -3.25
3.50  22.56  -1.94
3.75  22.25  -0.50
3.95  22.23   1.02

# Stations summary
# X      US      UI       V      THETA    DELS    ENTH     CLTH      H        G       HS     RTHETA   RDELS
0.7820  1.260  33.000  0.150000  0.2447  0.3387  0.4360    8.8700  1.3843   7.2704  1.7821   5382.5   7450.9
1.2820  1.100  31.200  0.150000  0.3887  0.5442  0.6839   15.4323  1.3998   8.0998  1.7593   8085.8  11318.4
1.7820  0.921  28.800  0.150000  0.6032  0.8804  1.0413   27.5314  1.4596   9.8461  1.7262  11581.7  16904.5
2.2820  0.845  27.100  0.150000  0.8110  1.1818  1.3959   37.8997  1.4571  10.0606  1.7211  14652.9  21350.8
2.7820  0.687  24.650  0.150000  1.2034  1.8473  2.0312   66.2802  1.5351  12.5068  1.6879  19775.3  30356.9
3.1320  0.604  23.450  0.150000  1.5230  2.4437  2.5343   94.8627  1.6045  14.6252  1.6640  23809.9  38202.5
3.3320  0.562  22.900  0.150000  1.8093  2.9811  2.9872  121.4798  1.6476  16.0173  1.6510  27622.6  45511.4
3.5320  0.505  22.430  0.150000  2.1584  3.7242  3.5111  165.4300  1.7254  18.6759  1.6267  32275.5  55689.5
3.7320  0.464  22.100  0.150000  2.5004  4.4902  4.1087  213.8680  1.7958  21.1070  1.6072  36838.9  66155.5
3.9320  0.382  22.130  0.150000  3.2761  6.6846  5.1037  387.2368  2.0404  29.5384  1.5578  48333.7  98619.5

# Station 1 data
# Y+     U+      Y     U/UI    Y/CD    UDEF
   0.0   0.0    0.0    0.0     0.0     26.19
  42.0  14.54   0.050  0.5550  0.0056  11.65
  84.0  15.82   0.100  0.6040  0.0113  10.37
 168.0  17.48   0.200  0.6675  0.0225   8.71
 336.0  19.33   0.400  0.7380  0.0451   6.86
 504.0  20.61   0.600  0.7870  0.0676   5.58
 672.0  21.57   0.800  0.8235  0.0902   4.62
 840.0  22.51   1.000  0.8595  0.1127   3.68
1008.0  23.44   1.200  0.8950  0.1353   2.75
1260.0  24.54   1.500  0.9370  0.1691   1.65
1512.0  25.38   1.800  0.9690  0.2029   0.81
1680.0  25.80   2.000  0.9850  0.2255   0.39
2100.0  26.11   2.500  0.9970  0.2818   0.08
2520.0  26.16   3.000  0.9990  0.3382   0.03
3360.1  26.19   4.000  1.0000  0.4510   0.0

# Station 2 data
# Y+     U+      Y     U/UI    Y/CD    UDEF
   0.0   0.0    0.0    0.0     0.0     28.36
  36.7  14.38   0.050  0.5070  0.0032  13.98
  73.3  15.97   0.100  0.5630  0.0065  12.39
 146.7  17.21   0.200  0.6070  0.0130  11.15
 293.4  18.97   0.400  0.6690  0.0259   9.39
 440.1  20.02   0.600  0.7060  0.0389   8.34
 586.7  21.07   0.800  0.7430  0.0518   7.29
 733.4  21.95   1.000  0.7740  0.0648   6.41
 880.1  22.77   1.200  0.8030  0.0778   5.59
1100.1  23.94   1.500  0.8440  0.0972   4.42
1320.2  24.96   1.800  0.8800  0.1166   3.40
1466.9  25.72   2.000  0.9070  0.1296   2.64
1833.6  27.06   2.500  0.9540  0.1620   1.30
2200.3  27.96   3.000  0.9860  0.1944   0.40
2933.7  28.30   4.000  0.9980  0.2592   0.06
4400.6  28.36   6.000  1.0000  0.3888   0.0

# Station 3 data
# Y+     U+      Y     U/UI    Y/CD    UDEF
   0.0   0.0    0.0    0.0     0.0     31.27
  30.7  12.63   0.050  0.4040  0.0018  18.64
  61.4  14.92   0.100  0.4770  0.0036  16.35
 122.8  16.45   0.200  0.5260  0.0073  14.82
 307.0  19.04   0.500  0.6090  0.0182  12.23
 614.0  21.42   1.000  0.6850  0.0363   9.85
 921.0  23.45   1.500  0.7500  0.0545   7.82
1228.0  24.83   2.000  0.7940  0.0726   6.44
1535.0  26.86   2.500  0.8590  0.0908   4.41
1842.0  28.36   3.000  0.9070  0.1090   2.91
2456.0  30.58   4.000  0.9780  0.1453   0.69
3070.0  31.19   5.000  0.9975  0.1816   0.08
3684.0  31.27   6.000  1.0000  0.2179   0.0

# Station 4 data
# Y+     U+      Y     U/UI    Y/CD    UDEF
   0.0   0.0    0.0    0.0     0.0     32.07
  28.2  13.60   0.050  0.4240  0.0013  18.47
  56.3  15.23   0.100  0.4750  0.0026  16.84
 112.7  16.61   0.200  0.5180  0.0053  15.46
 281.7  18.79   0.500  0.5860  0.0132  13.28
 563.4  20.56   1.000  0.6410  0.0264  11.51
 845.0  22.06   1.500  0.6880  0.0396  10.01
1126.7  23.60   2.000  0.7360  0.0528   8.47
1408.4  25.08   2.500  0.7820  0.0660   6.99
1690.1  26.49   3.000  0.8260  0.0792   5.58
2253.4  29.02   4.000  0.9050  0.1055   3.05
2816.8  31.00   5.000  0.9665  0.1319   1.07
3380.1  31.91   6.000  0.9950  0.1583   0.16
3943.5  32.07   7.000  1.0000  0.1847   0.0

# Station 5 data
# Y+     U+      Y     U/UI    Y/CD    UDEF
   0.0   0.0    0.0    0.0     0.0     35.88
  22.9  12.99   0.050  0.3620  0.0008  22.89
  45.8  15.55   0.100  0.4335  0.0015  20.33
  91.6  16.00   0.200  0.4460  0.0030  19.88
 229.0  18.37   0.500  0.5120  0.0075  17.51
 458.0  20.18   1.000  0.5625  0.0151  15.70
 687.0  21.46   1.500  0.5980  0.0226  14.42
 916.0  23.00   2.000  0.6410  0.0302  12.88
1145.0  24.29   2.500  0.6770  0.0677  11.59
1374.0  25.58   3.000  0.7130  0.0453  10.30
1832.0  28.26   4.000  0.7875  0.0603   7.62
2290.0  30.68   5.000  0.8550  0.0754   5.20
2748.1  33.09   6.000  0.9220  0.0905   2.80
3206.1  34.77   7.000  0.9690  0.1056   1.11
3664.1  35.59   8.000  0.9920  0.1207   0.29
4122.1  35.81   9.000  0.9980  0.1358   0.07
4580.1  35.88  10.000  1.0000  0.1509   0.0

# Station 6 data
# Y+     U+      Y     U/UI    Y/CD    UDEF
   0.0   0.0    0.0    0.0     0.0     38.82
  20.1  11.84   0.050  0.3050  0.0005  26.98
  40.3  13.98   0.100  0.3600  0.0011  24.84
  80.5  15.72   0.200  0.4050  0.0021  23.10
 201.4  17.90   0.500  0.4610  0.0053  20.92
 402.7  19.57   1.000  0.5040  0.0105  19.25
 604.1  21.00   1.500  0.5410  0.0158  17.82
 805.4  22.32   2.000  0.5750  0.0211  16.50
1006.8  23.56   2.500  0.6070  0.0264  15.26
1208.1  24.88   3.000  0.6410  0.0316  13.94
1610.9  27.56   4.000  0.7100  0.0422  11.26
2013.6  30.10   5.000  0.7755  0.0527   8.72
2416.3  32.69   6.000  0.8420  0.0632   6.13
2819.0  34.76   7.000  0.8955  0.0738   4.06
3221.7  36.88   8.000  0.9500  0.0843   1.94
3624.4  37.97   9.000  0.9780  0.0949   0.85
4027.1  38.63  10.000  0.9950  0.1054   0.19
4429.8  38.72  11.000  0.9975  0.1160   0.10
4832.6  38.82  12.000  1.0000  0.1265   0.0

# Station 7 data
# Y+     U+      Y     U/UI    Y/CD    UDEF
   0.0   0.0    0.0    0.0     0.0     40.75
  18.7   8.48   0.050  0.2080  0.0004  32.27
  37.5  11.82   0.100  0.2900  0.0008  28.93
  74.9  15.53   0.200  0.3810  0.0016  25.22
 187.3  17.73   0.500  0.4350  0.0041  23.02
 374.6  19.07   1.000  0.4680  0.0082  21.68
 562.0  20.78   1.500  0.5100  0.0123  19.97
 749.3  21.80   2.000  0.5350  0.0165  18.95
 936.6  23.02   2.500  0.5650  0.0206  17.73
1123.9  24.25   3.000  0.5950  0.0247  16.50
1498.6  26.69   4.000  0.6550  0.0329  14.06
1873.2  29.14   5.000  0.7150  0.0412  11.61
2247.9  31.42   6.000  0.7710  0.0494   9.33
2622.5  33.88   7.000  0.8315  0.0576   6.87
2997.1  35.94   8.000  0.8820  0.0659   4.81
3371.8  38.02   9.000  0.9330  0.0741   2.73
3746.4  39.32  10.000  0.9650  0.0823   1.43
4121.1  40.22  11.000  0.9870  0.0905   0.53
4495.7  40.71  12.000  0.9990  0.0988   0.04
4870.3  40.75  13.000  1.0000  0.1070   0.0

# Station 8 data
# Y+     U+      Y     U/UI    Y/CD    UDEF
   0.0   0.0    0.0    0.0     0.0     44.42
  16.8  11.24   0.050  0.2530  0.0003  33.18
  33.7  12.30   0.100  0.2770  0.0006  32.12
  67.3  14.66   0.200  0.3300  0.0012  29.76
 168.3  17.46   0.500  0.3930  0.0030  26.96
 336.6  19.15   1.000  0.4310  0.0060  25.27
 505.0  20.34   1.500  0.4580  0.0091  24.08
 673.3  21.45   2.000  0.4830  0.0121  22.97
 841.6  22.48   2.500  0.5060  0.0151  21.94
1009.9  23.63   3.000  0.5320  0.0181  20.79
1346.5  25.99   4.000  0.5850  0.0242  18.43
1683.2  28.43   5.000  0.6400  0.0302  15.99
2019.8  31.01   6.000  0.6980  0.0363  13.41
2356.4  33.40   7.000  0.7520  0.0423  11.02
2693.1  35.89   8.000  0.8080  0.0484   8.53
3029.7  38.42   9.000  0.8650  0.0544   6.00
3366.4  40.33  10.000  0.9080  0.0604   4.09
3703.0  42.38  11.000  0.9540  0.0665   2.04
4039.6  43.40  12.000  0.9770  0.0725   1.02
4376.3  43.95  13.000  0.9895  0.0786   0.47
4712.9  44.24  14.000  0.9960  0.0846   0.18
5049.5  44.35  15.000  0.9985  0.0907   0.07
5386.2  44.42  16.000  1.0000  0.0967   0.0

# Station 9 data
# Y+     U+      Y     U/UI    Y/CD    UDEF
   0.0   0.0    0.0    0.0     0.0     47.63
  15.5  10.67   0.050  0.2240  0.0002  36.96
  30.9  13.48   0.100  0.2830  0.0005  34.15
  61.9  15.67   0.200  0.3290  0.0009  31.96
 154.7  17.19   0.500  0.3610  0.0023  30.44
 309.3  18.58   1.000  0.3900  0.0047  29.05
 464.0  20.05   1.500  0.4210  0.0070  27.58
 618.7  20.96   2.000  0.4400  0.0094  26.67
 773.3  21.81   2.500  0.4580  0.0117  25.82
 928.0  22.96   3.000  0.4820  0.0140  24.67
1237.3  25.10   4.000  0.5270  0.0187  22.53
1546.6  27.48   5.000  0.5770  0.0234  20.15
1856.0  30.05   6.000  0.6310  0.0281  17.58
2165.3  32.63   7.000  0.6850  0.0327  15.00
2474.6  35.10   8.000  0.7370  0.0374  12.53
2784.0  37.63   9.000  0.7900  0.0421  10.00
3093.3  40.06  10.000  0.8410  0.0468   7.57
3402.6  42.37  11.000  0.8895  0.0514   5.26
3711.9  44.44  12.000  0.9330  0.0561   3.19
4021.3  45.68  13.000  0.9590  0.0608   1.95
4330.6  46.77  14.000  0.9820  0.0655   0.86
4639.9  47.37  15.000  0.9945  0.0701   0.26
4949.3  47.49  16.000  0.9970  0.0748   0.14
5258.6  47.63  17.000  1.0000  0.0795   0.0

# Station 10 data
# Y+     U+      Y     U/UI    Y/CD    UDEF
   0.0   0.0    0.0    0.0     0.0     57.93
  12.7   7.47   0.050  0.1290  0.0001  50.46
  25.5  10.60   0.100  0.1830  0.0003  47.33
  50.9  12.63   0.200  0.2180  0.0005  45.30
 127.3  15.93   0.500  0.2750  0.0013  42.00
 254.7  18.42   1.000  0.3180  0.0026  39.51
 382.0  19.41   1.500  0.3350  0.0039  38.52
 509.4  20.10   2.000  0.3470  0.0052  37.83
 636.7  20.39   2.500  0.3520  0.0065  37.54
 764.0  21.03   3.000  0.3630  0.0077  36.90
1018.7  22.88   4.000  0.3950  0.0103  35.05
1273.4  25.26   5.000  0.4360  0.0129  32.67
1528.1  27.92   6.000  0.4820  0.0155  30.01
1782.7  30.53   7.000  0.5270  0.0181  27.40
2037.4  33.31   8.000  0.5750  0.0207  24.62
2292.1  36.26   9.000  0.6260  0.0232  21.67
2546.8  39.16  10.000  0.6760  0.0258  18.77
2801.4  42.12  11.000  0.7270  0.0284  15.81
3056.1  44.78  12.000  0.7730  0.0310  13.15
3310.8  47.11  13.000  0.8190  0.0336  10.49
3565.5  50.17  14.000  0.8660  0.0362   7.76
3820.1  52.60  15.000  0.9080  0.0387   5.33
4074.8  54.45  16.000  0.9400  0.0413   3.48
4329.5  55.84  17.000  0.9640  0.0439   2.09
4584.2  56.83  18.000  0.9810  0.0465   1.10
4838.8  57.52  19.000  0.9930  0.0491   0.41
5093.5  57.84  20.000  0.9985  0.0516   0.09
5348.2  57.93  21.000  1.0000  0.0542   0.
