# Clauser Mild Positive Pressure Gradient
IDENT = 2300
V = 0.000165

# Summary data
# X     UI       DUI   THETA    H      HS      G       CF     CFLT      CFE     BETA
 7.500  26.10  -0.850  0.609  1.788  1.621  17.454  0.00127  0.00136  0.00130   4.638
 9.000  24.80  -0.680  0.756  1.838  1.602  19.000  0.00115  0.00120  0.00120   5.517
11.000  23.50  -0.540  0.950  1.798  1.605  18.898  0.00110  0.00122  0.00115   5.928
12.670  22.80  -0.450  1.129  1.794  1.611  19.183  0.00106  0.00118  0.00104   6.258
16.170  21.30  -0.360  1.625  1.755  1.622  18.628  0.00107  0.00116  0.00105   7.531
19.170  20.20  -0.310  2.050  1.766  1.602  18.799  0.00106  0.00109  0.00105   8.700
23.920  18.90  -0.270  2.770  1.757  1.614  19.666  0.00096  0.00103  0.00095  12.072
26.670  18.10  -0.260  3.393  1.758  1.614  20.586  0.00088  0.00099  00.0085  16.284

# Edge velocity plot
# X    UI      DUI
0.78  33.36  -4.13

# Stations summary
#  X      US      UI       V      THETA    DELS    ENTH     CLTH      H        G       HS     RTHETA   RDELS
 7.5000  0.659  26.100  0.000165  0.6093  1.0893  0.9880   41.1486  1.7878  17.4541  1.6214   8031.9  14359.4
 9.0000  0.595  24.800  0.000165  0.7563  1.3899  1.2117   57.9295  1.8377  18.9996  1.6021   9472.9  17408.4
11.0000  0.552  23.500  0.000165  0.9499  1.7082  1.5248   72.7197  1.7984  18.8983  1.6053  11274.0  20274.5
12.6700  0.526  22.800  0.000165  1.1288  2.0248  1.8189   87.7772  1.7938  19.1828  1.6113  12998.7  23316.4
16.1700  0.492  21.300  0.000165  1.6254  2.8531  2.6362  123.5112  1.7553  18.6279  1.6219  17485.4  30692.5
19.1700  0.466  20.200  0.000165  2.0503  3.6202  3.2842  156.9367  1.7659  18.7988  1.6018  20917.3  36933.6
23.9200  0.414  18.900  0.000165  2.7697  4.8660  4.4696  222.1351  1.7569  19.6663  1.6138  26438.3  46448.6
26.6700  0.379  18.100  0.000165  3.3931  5.9636  5.4749  284.8232  1.7576  20.5863  1.6136  31017.6  54516.1
