#    s        x        y     Ue/Vinf    Dstar     Theta      Cf       H       H*        P         m          K          tau         Di
   0.00000  1.00000  0.00126  0.76706  0.000000  0.000000  0.000000    1.0000    2.0000  0.00000  0.00000  0.00000
   0.00840  0.99168  0.00242  0.87380  0.000000  0.000000  0.000000    1.0000    2.0000  0.00000  0.00000  0.00000
   0.01982  0.98037  0.00398  0.90224  0.000000  0.000000  0.000000    1.0000    2.0000  0.00000  0.00000  0.00000
   0.03304  0.96727  0.00576  0.92502  0.000000  0.000000  0.000000    1.0000    2.0000  0.00000  0.00000  0.00000
   0.04772  0.95272  0.00771  0.94221  0.000000  0.000000  0.000000    1.0000    2.0000  0.00000  0.00000  0.00000
   0.06337  0.93720  0.00974  0.95628  0.000000  0.000000  0.000000    1.0000    2.0000  0.00000  0.00000  0.00000
   0.07959  0.92112  0.01182  0.96809  0.000000  0.000000  0.000000    1.0000    2.0000  0.00000  0.00000  0.00000
   0.09610  0.90474  0.01389  0.97826  0.000000  0.000000  0.000000    1.0000    2.0000  0.00000  0.00000  0.00000
   0.11275  0.88821  0.01594  0.98719  0.000000  0.000000  0.000000    1.0000    2.0000  0.00000  0.00000  0.00000
   0.12949  0.87160  0.01796  0.99517  0.000000  0.000000  0.000000    1.0000    2.0000  0.00000  0.00000  0.00000
   0.14626  0.85494  0.01994  1.00243  0.000000  0.000000  0.000000    1.0000    2.0000  0.00000  0.00000  0.00000
   0.16305  0.83827  0.02189  1.00911  0.000000  0.000000  0.000000    1.0000    2.0000  0.00000  0.00000  0.00000
   0.17984  0.82158  0.02381  1.01532  0.000000  0.000000  0.000000    1.0000    2.0000  0.00000  0.00000  0.00000
   0.19665  0.80488  0.02569  1.02116  0.000000  0.000000  0.000000    1.0000    2.0000  0.00000  0.00000  0.00000
   0.21346  0.78817  0.02753  1.02670  0.000000  0.000000  0.000000    1.0000    2.0000  0.00000  0.00000  0.00000
   0.23027  0.77146  0.02934  1.03199  0.000000  0.000000  0.000000    1.0000    2.0000  0.00000  0.00000  0.00000
   0.24707  0.75475  0.03111  1.03707  0.000000  0.000000  0.000000    1.0000    2.0000  0.00000  0.00000  0.00000
   0.26388  0.73803  0.03284  1.04199  0.000000  0.000000  0.000000    1.0000    2.0000  0.00000  0.00000  0.00000
   0.28068  0.72132  0.03453  1.04676  0.000000  0.000000  0.000000    1.0000    2.0000  0.00000  0.00000  0.00000
   0.29748  0.70460  0.03619  1.05143  0.000000  0.000000  0.000000    1.0000    2.0000  0.00000  0.00000  0.00000
   0.31427  0.68789  0.03781  1.05600  0.000000  0.000000  0.000000    1.0000    2.0000  0.00000  0.00000  0.00000
   0.33105  0.67118  0.03938  1.06049  0.000000  0.000000  0.000000    1.0000    2.0000  0.00000  0.00000  0.00000
   0.34783  0.65447  0.04092  1.06493  0.000000  0.000000  0.000000    1.0000    2.0000  0.00000  0.00000  0.00000
   0.36460  0.63777  0.04241  1.06932  0.000000  0.000000  0.000000    1.0000    2.0000  0.00000  0.00000  0.00000
   0.38135  0.62108  0.04387  1.07367  0.000000  0.000000  0.000000    1.0000    2.0000  0.00000  0.00000  0.00000
   0.39809  0.60440  0.04527  1.07800  0.000000  0.000000  0.000000    1.0000    2.0000  0.00000  0.00000  0.00000
   0.41482  0.58772  0.04663  1.08231  0.000000  0.000000  0.000000    1.0000    2.0000  0.00000  0.00000  0.00000
   0.43154  0.57106  0.04794  1.08661  0.000000  0.000000  0.000000    1.0000    2.0000  0.00000  0.00000  0.00000
   0.44823  0.55441  0.04920  1.09089  0.000000  0.000000  0.000000    1.0000    2.0000  0.00000  0.00000  0.00000
   0.46491  0.53778  0.05041  1.09518  0.000000  0.000000  0.000000    1.0000    2.0000  0.00000  0.00000  0.00000
   0.48157  0.52116  0.05156  1.09947  0.000000  0.000000  0.000000    1.0000    2.0000  0.00000  0.00000  0.00000
   0.49820  0.50456  0.05265  1.10375  0.000000  0.000000  0.000000    1.0000    2.0000  0.00000  0.00000  0.00000
   0.51481  0.48798  0.05368  1.10804  0.000000  0.000000  0.000000    1.0000    2.0000  0.00000  0.00000  0.00000
   0.53140  0.47143  0.05465  1.11233  0.000000  0.000000  0.000000    1.0000    2.0000  0.00000  0.00000  0.00000
   0.54796  0.45489  0.05555  1.11662  0.000000  0.000000  0.000000    1.0000    2.0000  0.00000  0.00000  0.00000
   0.56448  0.43839  0.05639  1.12091  0.000000  0.000000  0.000000    1.0000    2.0000  0.00000  0.00000  0.00000
   0.58098  0.42191  0.05714  1.12519  0.000000  0.000000  0.000000    1.0000    2.0000  0.00000  0.00000  0.00000
   0.59744  0.40546  0.05782  1.12946  0.000000  0.000000  0.000000    1.0000    2.0000  0.00000  0.00000  0.00000
   0.61386  0.38905  0.05842  1.13371  0.000000  0.000000  0.000000    1.0000    2.0000  0.00000  0.00000  0.00000
   0.63024  0.37268  0.05893  1.13795  0.000000  0.000000  0.000000    1.0000    2.0000  0.00000  0.00000  0.00000
   0.64657  0.35635  0.05935  1.14215  0.000000  0.000000  0.000000    1.0000    2.0000  0.00000  0.00000  0.00000
   0.66286  0.34007  0.05967  1.14632  0.000000  0.000000  0.000000    1.0000    2.0000  0.00000  0.00000  0.00000
   0.67910  0.32383  0.05989  1.15043  0.000000  0.000000  0.000000    1.0000    2.0000  0.00000  0.00000  0.00000
   0.69527  0.30766  0.06000  1.15448  0.000000  0.000000  0.000000    1.0000    2.0000  0.00000  0.00000  0.00000
   0.71139  0.29154  0.06000  1.15846  0.000000  0.000000  0.000000    1.0000    2.0000  0.00000  0.00000  0.00000
   0.72743  0.27550  0.05988  1.16234  0.000000  0.000000  0.000000    1.0000    2.0000  0.00000  0.00000  0.00000
   0.74340  0.25953  0.05963  1.16610  0.000000  0.000000  0.000000    1.0000    2.0000  0.00000  0.00000  0.00000
   0.75928  0.24366  0.05924  1.16972  0.000000  0.000000  0.000000    1.0000    2.0000  0.00000  0.00000  0.00000
   0.77506  0.22788  0.05871  1.17318  0.000000  0.000000  0.000000    1.0000    2.0000  0.00000  0.00000  0.00000
   0.79074  0.21222  0.05803  1.17644  0.000000  0.000000  0.000000    1.0000    2.0000  0.00000  0.00000  0.00000
   0.80628  0.19670  0.05718  1.17945  0.000000  0.000000  0.000000    1.0000    2.0000  0.00000  0.00000  0.00000
   0.82167  0.18135  0.05616  1.18218  0.000000  0.000000  0.000000    1.0000    2.0000  0.00000  0.00000  0.00000
   0.83688  0.16619  0.05497  1.18455  0.000000  0.000000  0.000000    1.0000    2.0000  0.00000  0.00000  0.00000
   0.85186  0.15127  0.05358  1.18650  0.000000  0.000000  0.000000    1.0000    2.0000  0.00000  0.00000  0.00000
   0.86655  0.13666  0.05200  1.18792  0.000000  0.000000  0.000000    1.0000    2.0000  0.00000  0.00000  0.00000
   0.88087  0.12246  0.05022  1.18869  0.000000  0.000000  0.000000    1.0000    2.0000  0.00000  0.00000  0.00000
   0.89470  0.10877  0.04824  1.18868  0.000000  0.000000  0.000000    1.0000    2.0000  0.00000  0.00000  0.00000
   0.90789  0.09575  0.04609  1.18770  0.000000  0.000000  0.000000    1.0000    2.0000  0.00000  0.00000  0.00000
   0.92028  0.08358  0.04381  1.18556  0.000000  0.000000  0.000000    1.0000    2.0000  0.00000  0.00000  0.00000
   0.93169  0.07242  0.04142  1.18209  0.000000  0.000000  0.000000    1.0000    2.0000  0.00000  0.00000  0.00000
   0.94200  0.06239  0.03900  1.17710  0.000000  0.000000  0.000000    1.0000    2.0000  0.00000  0.00000  0.00000
   0.95118  0.05354  0.03659  1.17046  0.000000  0.000000  0.000000    1.0000    2.0000  0.00000  0.00000  0.00000
   0.95926  0.04581  0.03424  1.16202  0.000000  0.000000  0.000000    1.0000    2.0000  0.00000  0.00000  0.00000
   0.96635  0.03910  0.03196  1.15160  0.000000  0.000000  0.000000    1.0000    2.0000  0.00000  0.00000  0.00000
   0.97255  0.03329  0.02976  1.13898  0.000000  0.000000  0.000000    1.0000    2.0000  0.00000  0.00000  0.00000
   0.97802  0.02826  0.02764  1.12381  0.000000  0.000000  0.000000    1.0000    2.0000  0.00000  0.00000  0.00000
   0.98286  0.02387  0.02560  1.10565  0.000000  0.000000  0.000000    1.0000    2.0000  0.00000  0.00000  0.00000
   0.98718  0.02003  0.02361  1.08391  0.000000  0.000000  0.000000    1.0000    2.0000  0.00000  0.00000  0.00000
   0.99107  0.01666  0.02167  1.05780  0.000000  0.000000  0.000000    1.0000    2.0000  0.00000  0.00000  0.00000
   0.99460  0.01369  0.01977  1.02628  0.000000  0.000000  0.000000    1.0000    2.0000  0.00000  0.00000  0.00000
   0.99781  0.01108  0.01789  0.98805  0.000000  0.000000  0.000000    1.0000    2.0000  0.00000  0.00000  0.00000
   1.00078  0.00879  0.01602  0.94146  0.000000  0.000000  0.000000    1.0000    2.0000  0.00000  0.00000  0.00000
   1.00352  0.00678  0.01415  0.88451  0.000000  0.000000  0.000000    1.0000    2.0000  0.00000  0.00000  0.00000
   1.00607  0.00505  0.01227  0.81489  0.000000  0.000000  0.000000    1.0000    2.0000  0.00000  0.00000  0.00000
   1.00847  0.00358  0.01038  0.73020  0.000000  0.000000  0.000000    1.0000    2.0000  0.00000  0.00000  0.00000
   1.01072  0.00236  0.00848  0.62847  0.000000  0.000000  0.000000    1.0000    2.0000  0.00000  0.00000  0.00000
   1.01286  0.00140  0.00657  0.50901  0.000000  0.000000  0.000000    1.0000    2.0000  0.00000  0.00000  0.00000
   1.01490  0.00070  0.00466  0.37348  0.000000  0.000000  0.000000    1.0000    2.0000  0.00000  0.00000  0.00000
   1.01685  0.00024  0.00276  0.22630  0.000000  0.000000  0.000000    1.0000    2.0000  0.00000  0.00000  0.00000
   1.01872  0.00003  0.00091  0.07488  0.000000  0.000000  0.000000    1.0000    2.0000  0.00000  0.00000  0.00000
   1.02053  0.00003 -0.00091 -0.07488  0.000000  0.000000  0.000000    1.0000    2.0000  0.00000 -0.00000 -0.00000
   1.02240  0.00024 -0.00276 -0.22630  0.000000  0.000000  0.000000    1.0000    2.0000  0.00000 -0.00000 -0.00000
   1.02434  0.00070 -0.00466 -0.37348  0.000000  0.000000  0.000000    1.0000    2.0000  0.00000 -0.00000 -0.00000
   1.02638  0.00140 -0.00657 -0.50901  0.000000  0.000000  0.000000    1.0000    2.0000  0.00000 -0.00000 -0.00000
   1.02852  0.00236 -0.00848 -0.62847  0.000000  0.000000  0.000000    1.0000    2.0000  0.00000 -0.00000 -0.00000
   1.03078  0.00358 -0.01038 -0.73020  0.000000  0.000000  0.000000    1.0000    2.0000  0.00000 -0.00000 -0.00000
   1.03317  0.00505 -0.01227 -0.81489  0.000000  0.000000  0.000000    1.0000    2.0000  0.00000 -0.00000 -0.00000
   1.03573  0.00678 -0.01415 -0.88451  0.000000  0.000000  0.000000    1.0000    2.0000  0.00000 -0.00000 -0.00000
   1.03847  0.00879 -0.01602 -0.94146  0.000000  0.000000  0.000000    1.0000    2.0000  0.00000 -0.00000 -0.00000
   1.04143  0.01108 -0.01789 -0.98805  0.000000  0.000000  0.000000    1.0000    2.0000  0.00000 -0.00000 -0.00000
   1.04465  0.01369 -0.01977 -1.02628  0.000000  0.000000  0.000000    1.0000    2.0000  0.00000 -0.00000 -0.00000
   1.04817  0.01666 -0.02167 -1.05780  0.000000  0.000000  0.000000    1.0000    2.0000  0.00000 -0.00000 -0.00000
   1.05206  0.02003 -0.02361 -1.08391  0.000000  0.000000  0.000000    1.0000    2.0000  0.00000 -0.00000 -0.00000
   1.05638  0.02387 -0.02560 -1.10565  0.000000  0.000000  0.000000    1.0000    2.0000  0.00000 -0.00000 -0.00000
   1.06122  0.02826 -0.02764 -1.12381  0.000000  0.000000  0.000000    1.0000    2.0000  0.00000 -0.00000 -0.00000
   1.06669  0.03329 -0.02976 -1.13898  0.000000  0.000000  0.000000    1.0000    2.0000  0.00000 -0.00000 -0.00000
   1.07290  0.03910 -0.03196 -1.15160  0.000000  0.000000  0.000000    1.0000    2.0000  0.00000 -0.00000 -0.00000
   1.07998  0.04581 -0.03424 -1.16202  0.000000  0.000000  0.000000    1.0000    2.0000  0.00000 -0.00000 -0.00000
   1.08806  0.05354 -0.03659 -1.17046  0.000000  0.000000  0.000000    1.0000    2.0000  0.00000 -0.00000 -0.00000
   1.09724  0.06239 -0.03900 -1.17710  0.000000  0.000000  0.000000    1.0000    2.0000  0.00000 -0.00000 -0.00000
   1.10756  0.07242 -0.04142 -1.18209  0.000000  0.000000  0.000000    1.0000    2.0000  0.00000 -0.00000 -0.00000
   1.11897  0.08358 -0.04381 -1.18556  0.000000  0.000000  0.000000    1.0000    2.0000  0.00000 -0.00000 -0.00000
   1.13135  0.09575 -0.04609 -1.18770  0.000000  0.000000  0.000000    1.0000    2.0000  0.00000 -0.00000 -0.00000
   1.14454  0.10877 -0.04824 -1.18868  0.000000  0.000000  0.000000    1.0000    2.0000  0.00000 -0.00000 -0.00000
   1.15837  0.12246 -0.05022 -1.18869  0.000000  0.000000  0.000000    1.0000    2.0000  0.00000 -0.00000 -0.00000
   1.17269  0.13666 -0.05200 -1.18792  0.000000  0.000000  0.000000    1.0000    2.0000  0.00000 -0.00000 -0.00000
   1.18738  0.15127 -0.05358 -1.18650  0.000000  0.000000  0.000000    1.0000    2.0000  0.00000 -0.00000 -0.00000
   1.20236  0.16619 -0.05497 -1.18455  0.000000  0.000000  0.000000    1.0000    2.0000  0.00000 -0.00000 -0.00000
   1.21757  0.18135 -0.05616 -1.18218  0.000000  0.000000  0.000000    1.0000    2.0000  0.00000 -0.00000 -0.00000
   1.23296  0.19670 -0.05718 -1.17945  0.000000  0.000000  0.000000    1.0000    2.0000  0.00000 -0.00000 -0.00000
   1.24851  0.21222 -0.05803 -1.17644  0.000000  0.000000  0.000000    1.0000    2.0000  0.00000 -0.00000 -0.00000
   1.26418  0.22788 -0.05871 -1.17318  0.000000  0.000000  0.000000    1.0000    2.0000  0.00000 -0.00000 -0.00000
   1.27996  0.24366 -0.05924 -1.16972  0.000000  0.000000  0.000000    1.0000    2.0000  0.00000 -0.00000 -0.00000
   1.29584  0.25953 -0.05963 -1.16610  0.000000  0.000000  0.000000    1.0000    2.0000  0.00000 -0.00000 -0.00000
   1.31181  0.27550 -0.05988 -1.16234  0.000000  0.000000  0.000000    1.0000    2.0000  0.00000 -0.00000 -0.00000
   1.32785  0.29154 -0.06000 -1.15846  0.000000  0.000000  0.000000    1.0000    2.0000  0.00000 -0.00000 -0.00000
   1.34397  0.30766 -0.06000 -1.15448  0.000000  0.000000  0.000000    1.0000    2.0000  0.00000 -0.00000 -0.00000
   1.36015  0.32383 -0.05989 -1.15043  0.000000  0.000000  0.000000    1.0000    2.0000  0.00000 -0.00000 -0.00000
   1.37638  0.34007 -0.05967 -1.14632  0.000000  0.000000  0.000000    1.0000    2.0000  0.00000 -0.00000 -0.00000
   1.39267  0.35635 -0.05935 -1.14215  0.000000  0.000000  0.000000    1.0000    2.0000  0.00000 -0.00000 -0.00000
   1.40900  0.37268 -0.05893 -1.13795  0.000000  0.000000  0.000000    1.0000    2.0000  0.00000 -0.00000 -0.00000
   1.42538  0.38905 -0.05842 -1.13371  0.000000  0.000000  0.000000    1.0000    2.0000  0.00000 -0.00000 -0.00000
   1.44181  0.40546 -0.05782 -1.12946  0.000000  0.000000  0.000000    1.0000    2.0000  0.00000 -0.00000 -0.00000
   1.45826  0.42191 -0.05714 -1.12519  0.000000  0.000000  0.000000    1.0000    2.0000  0.00000 -0.00000 -0.00000
   1.47476  0.43839 -0.05639 -1.12091  0.000000  0.000000  0.000000    1.0000    2.0000  0.00000 -0.00000 -0.00000
   1.49129  0.45489 -0.05555 -1.11662  0.000000  0.000000  0.000000    1.0000    2.0000  0.00000 -0.00000 -0.00000
   1.50784  0.47143 -0.05465 -1.11233  0.000000  0.000000  0.000000    1.0000    2.0000  0.00000 -0.00000 -0.00000
   1.52443  0.48798 -0.05368 -1.10804  0.000000  0.000000  0.000000    1.0000    2.0000  0.00000 -0.00000 -0.00000
   1.54104  0.50456 -0.05265 -1.10375  0.000000  0.000000  0.000000    1.0000    2.0000  0.00000 -0.00000 -0.00000
   1.55768  0.52116 -0.05156 -1.09947  0.000000  0.000000  0.000000    1.0000    2.0000  0.00000 -0.00000 -0.00000
   1.57433  0.53778 -0.05041 -1.09518  0.000000  0.000000  0.000000    1.0000    2.0000  0.00000 -0.00000 -0.00000
   1.59101  0.55441 -0.04920 -1.09089  0.000000  0.000000  0.000000    1.0000    2.0000  0.00000 -0.00000 -0.00000
   1.60771  0.57106 -0.04794 -1.08661  0.000000  0.000000  0.000000    1.0000    2.0000  0.00000 -0.00000 -0.00000
   1.62442  0.58772 -0.04663 -1.08231  0.000000  0.000000  0.000000    1.0000    2.0000  0.00000 -0.00000 -0.00000
   1.64115  0.60440 -0.04527 -1.07800  0.000000  0.000000  0.000000    1.0000    2.0000  0.00000 -0.00000 -0.00000
   1.65789  0.62108 -0.04387 -1.07367  0.000000  0.000000  0.000000    1.0000    2.0000  0.00000 -0.00000 -0.00000
   1.67465  0.63777 -0.04241 -1.06932  0.000000  0.000000  0.000000    1.0000    2.0000  0.00000 -0.00000 -0.00000
   1.69141  0.65447 -0.04092 -1.06493  0.000000  0.000000  0.000000    1.0000    2.0000  0.00000 -0.00000 -0.00000
   1.70819  0.67118 -0.03938 -1.06049  0.000000  0.000000  0.000000    1.0000    2.0000  0.00000 -0.00000 -0.00000
   1.72497  0.68789 -0.03781 -1.05600  0.000000  0.000000  0.000000    1.0000    2.0000  0.00000 -0.00000 -0.00000
   1.74177  0.70460 -0.03619 -1.05143  0.000000  0.000000  0.000000    1.0000    2.0000  0.00000 -0.00000 -0.00000
   1.75856  0.72132 -0.03453 -1.04676  0.000000  0.000000  0.000000    1.0000    2.0000  0.00000 -0.00000 -0.00000
   1.77536  0.73803 -0.03284 -1.04199  0.000000  0.000000  0.000000    1.0000    2.0000  0.00000 -0.00000 -0.00000
   1.79217  0.75475 -0.03111 -1.03707  0.000000  0.000000  0.000000    1.0000    2.0000  0.00000 -0.00000 -0.00000
   1.80898  0.77146 -0.02934 -1.03199  0.000000  0.000000  0.000000    1.0000    2.0000  0.00000 -0.00000 -0.00000
   1.82579  0.78817 -0.02753 -1.02670  0.000000  0.000000  0.000000    1.0000    2.0000  0.00000 -0.00000 -0.00000
   1.84259  0.80488 -0.02569 -1.02116  0.000000  0.000000  0.000000    1.0000    2.0000  0.00000 -0.00000 -0.00000
   1.85940  0.82158 -0.02381 -1.01532  0.000000  0.000000  0.000000    1.0000    2.0000  0.00000 -0.00000 -0.00000
   1.87620  0.83827 -0.02189 -1.00911  0.000000  0.000000  0.000000    1.0000    2.0000  0.00000 -0.00000 -0.00000
   1.89299  0.85494 -0.01994 -1.00243  0.000000  0.000000  0.000000    1.0000    2.0000  0.00000 -0.00000 -0.00000
   1.90976  0.87160 -0.01796 -0.99517  0.000000  0.000000  0.000000    1.0000    2.0000  0.00000 -0.00000 -0.00000
   1.92649  0.88821 -0.01594 -0.98719  0.000000  0.000000  0.000000    1.0000    2.0000  0.00000 -0.00000 -0.00000
   1.94315  0.90474 -0.01389 -0.97826  0.000000  0.000000  0.000000    1.0000    2.0000  0.00000 -0.00000 -0.00000
   1.95966  0.92112 -0.01182 -0.96809  0.000000  0.000000  0.000000    1.0000    2.0000  0.00000 -0.00000 -0.00000
   1.97587  0.93720 -0.00974 -0.95628  0.000000  0.000000  0.000000    1.0000    2.0000  0.00000 -0.00000 -0.00000
   1.99152  0.95272 -0.00771 -0.94221  0.000000  0.000000  0.000000    1.0000    2.0000  0.00000 -0.00000 -0.00000
   2.00620  0.96727 -0.00576 -0.92502  0.000000  0.000000  0.000000    1.0000    2.0000  0.00000 -0.00000 -0.00000
   2.01942  0.98037 -0.00398 -0.90224  0.000000  0.000000  0.000000    1.0000    2.0000  0.00000 -0.00000 -0.00000
   2.03084  0.99168 -0.00242 -0.87380  0.000000  0.000000  0.000000    1.0000    2.0000  0.00000 -0.00000 -0.00000
   2.03924  1.00000 -0.00126 -0.76706  0.000000  0.000000  0.000000    1.0000    2.0000  0.00000 -0.00000 -0.00000
