#    s        x        y     Ue/Vinf    Dstar     Theta      Cf       H       H*        P         m          K          tau         Di
   0.00000  1.00000  0.00126  0.89699  0.005649  0.003525  0.001442    1.6027    1.6795  0.00284  0.00507  0.00427
   0.00840  0.99168  0.00242  0.90784  0.005309  0.003368  0.001561    1.5762    1.6881  0.00278  0.00482  0.00425
   0.01982  0.98037  0.00398  0.92268  0.004890  0.003168  0.001727    1.5435    1.6999  0.00270  0.00451  0.00423
   0.03304  0.96727  0.00576  0.93688  0.004534  0.002989  0.001886    1.5170    1.7098  0.00262  0.00425  0.00420
   0.04772  0.95272  0.00771  0.95011  0.004233  0.002830  0.002033    1.4960    1.7180  0.00255  0.00402  0.00417
   0.06337  0.93720  0.00974  0.96201  0.003983  0.002692  0.002165    1.4798    1.7245  0.00249  0.00383  0.00413
   0.07959  0.92112  0.01182  0.97259  0.003775  0.002573  0.002281    1.4674    1.7296  0.00243  0.00367  0.00409
   0.09610  0.90474  0.01389  0.98199  0.003599  0.002469  0.002384    1.4578    1.7336  0.00238  0.00353  0.00405
   0.11275  0.88821  0.01594  0.99041  0.003446  0.002376  0.002475    1.4503    1.7368  0.00233  0.00341  0.00401
   0.12949  0.87160  0.01796  0.99805  0.003312  0.002293  0.002558    1.4444    1.7394  0.00228  0.00331  0.00397
   0.14626  0.85494  0.01994  1.00504  0.003192  0.002217  0.002633    1.4397    1.7415  0.00224  0.00321  0.00392
   0.16305  0.83827  0.02189  1.01151  0.003083  0.002147  0.002703    1.4359    1.7432  0.00220  0.00312  0.00387
   0.17984  0.82158  0.02381  1.01756  0.002982  0.002081  0.002768    1.4329    1.7447  0.00216  0.00303  0.00383
   0.19665  0.80488  0.02569  1.02326  0.002889  0.002020  0.002829    1.4304    1.7459  0.00211  0.00296  0.00378
   0.21346  0.78817  0.02753  1.02868  0.002801  0.001961  0.002888    1.4284    1.7469  0.00207  0.00288  0.00373
   0.23027  0.77146  0.02934  1.03386  0.002717  0.001904  0.002944    1.4267    1.7477  0.00204  0.00281  0.00368
   0.24707  0.75475  0.03111  1.03885  0.002637  0.001850  0.002998    1.4254    1.7485  0.00200  0.00274  0.00363
   0.26388  0.73803  0.03284  1.04367  0.002561  0.001798  0.003051    1.4244    1.7491  0.00196  0.00267  0.00357
   0.28068  0.72132  0.03453  1.04836  0.002487  0.001747  0.003103    1.4235    1.7496  0.00192  0.00261  0.00352
   0.29748  0.70460  0.03619  1.05294  0.002415  0.001698  0.003154    1.4229    1.7500  0.00188  0.00254  0.00347
   0.31427  0.68789  0.03781  1.05743  0.002346  0.001649  0.003204    1.4224    1.7504  0.00184  0.00248  0.00341
   0.33105  0.67118  0.03938  1.06185  0.002278  0.001602  0.003254    1.4221    1.7507  0.00181  0.00242  0.00336
   0.34783  0.65447  0.04092  1.06621  0.002212  0.001555  0.003305    1.4219    1.7510  0.00177  0.00236  0.00330
   0.36460  0.63777  0.04241  1.07053  0.002147  0.001510  0.003355    1.4218    1.7512  0.00173  0.00230  0.00324
   0.38135  0.62108  0.04387  1.07481  0.002083  0.001465  0.003406    1.4218    1.7514  0.00169  0.00224  0.00319
   0.39809  0.60440  0.04527  1.07907  0.002020  0.001421  0.003458    1.4219    1.7516  0.00165  0.00218  0.00313
   0.41482  0.58772  0.04663  1.08331  0.001958  0.001377  0.003510    1.4221    1.7518  0.00162  0.00212  0.00307
   0.43154  0.57106  0.04794  1.08753  0.001897  0.001334  0.003563    1.4224    1.7519  0.00158  0.00206  0.00301
   0.44823  0.55441  0.04920  1.09175  0.001837  0.001291  0.003617    1.4227    1.7520  0.00154  0.00201  0.00294
   0.46491  0.53778  0.05041  1.09597  0.001777  0.001249  0.003672    1.4231    1.7521  0.00150  0.00195  0.00288
   0.48157  0.52116  0.05156  1.10018  0.001719  0.001207  0.003728    1.4236    1.7522  0.00146  0.00189  0.00282
   0.49820  0.50456  0.05265  1.10440  0.001661  0.001166  0.003785    1.4241    1.7523  0.00142  0.00183  0.00275
   0.51481  0.48798  0.05368  1.10862  0.001603  0.001125  0.003844    1.4247    1.7523  0.00138  0.00178  0.00269
   0.53140  0.47143  0.05465  1.11283  0.001546  0.001085  0.003905    1.4253    1.7524  0.00134  0.00172  0.00262
   0.54796  0.45489  0.05555  1.11705  0.001490  0.001045  0.003968    1.4260    1.7524  0.00130  0.00166  0.00255
   0.56448  0.43839  0.05639  1.12127  0.001434  0.001005  0.004032    1.4268    1.7525  0.00126  0.00161  0.00248
   0.58098  0.42191  0.05714  1.12548  0.001379  0.000966  0.004098    1.4277    1.7525  0.00122  0.00155  0.00241
   0.59744  0.40546  0.05782  1.12968  0.001324  0.000927  0.004166    1.4286    1.7526  0.00118  0.00150  0.00234
   0.61386  0.38905  0.05842  1.13386  0.001270  0.000889  0.004236    1.4296    1.7526  0.00114  0.00144  0.00227
   0.63024  0.37268  0.05893  1.13802  0.001217  0.000851  0.004309    1.4307    1.7527  0.00110  0.00138  0.00220
   0.64657  0.35635  0.05935  1.14215  0.001164  0.000813  0.004384    1.4319    1.7527  0.00106  0.00133  0.00212
   0.66286  0.34007  0.05967  1.14624  0.001112  0.000776  0.004462    1.4331    1.7527  0.00102  0.00127  0.00205
   0.67910  0.32383  0.05989  1.15028  0.001060  0.000739  0.004543    1.4345    1.7528  0.00098  0.00122  0.00197
   0.69527  0.30766  0.06000  1.15426  0.001009  0.000702  0.004626    1.4361    1.7528  0.00094  0.00116  0.00189
   0.71139  0.29154  0.06000  1.15816  0.000958  0.000666  0.004713    1.4378    1.7529  0.00089  0.00111  0.00181
   0.72743  0.27550  0.05988  1.16196  0.000908  0.000631  0.004803    1.4396    1.7529  0.00085  0.00105  0.00173
   0.74340  0.25953  0.05963  1.16564  0.000858  0.000595  0.004896    1.4416    1.7530  0.00081  0.00100  0.00165
   0.75928  0.24366  0.05924  1.16918  0.000809  0.000561  0.004994    1.4438    1.7531  0.00077  0.00095  0.00157
   0.77506  0.22788  0.05871  1.17256  0.000761  0.000526  0.005095    1.4463    1.7532  0.00072  0.00089  0.00149
   0.79074  0.21222  0.05803  1.17573  0.000713  0.000492  0.005201    1.4490    1.7533  0.00068  0.00084  0.00140
   0.80628  0.19670  0.05718  1.17865  0.000666  0.000459  0.005313    1.4521    1.7534  0.00064  0.00078  0.00132
   0.82167  0.18135  0.05616  1.18128  0.000619  0.000425  0.005429    1.4555    1.7536  0.00059  0.00073  0.00123
   0.83688  0.16619  0.05497  1.18356  0.000573  0.000393  0.005552    1.4593    1.7539  0.00055  0.00068  0.00114
   0.85186  0.15127  0.05358  1.18540  0.000528  0.000361  0.005681    1.4634    1.7543  0.00051  0.00063  0.00105
   0.86655  0.13666  0.05200  1.18671  0.000484  0.000330  0.005819    1.4680    1.7548  0.00046  0.00057  0.00097
   0.88087  0.12246  0.05022  1.18737  0.000440  0.000299  0.005967    1.4729    1.7556  0.00042  0.00052  0.00088
   0.89470  0.10877  0.04824  1.18721  0.000398  0.000269  0.006129    1.4778    1.7568  0.00038  0.00047  0.00079
   0.90789  0.09575  0.04609  1.18605  0.000358  0.000241  0.006306    1.4826    1.7585  0.00034  0.00042  0.00071
   0.92028  0.08358  0.04381  1.18367  0.000319  0.000215  0.006496    1.4874    1.7608  0.00030  0.00038  0.00063
   0.93169  0.07242  0.04142  1.17988  0.000284  0.000190  0.006667    1.4949    1.7626  0.00026  0.00034  0.00055
   0.94200  0.06239  0.03900  1.17466  0.000254  0.000168  0.006725    1.5129    1.7610  0.00023  0.00030  0.00048
   0.95118  0.05354  0.03659  1.16812  0.000230  0.000149  0.006643    1.5480    1.7505  0.00020  0.00027  0.00041
   0.95926  0.04581  0.03424  1.16009  0.000211  0.000132  0.006973    1.6018    1.7351  0.00018  0.00025  0.00036
   0.96635  0.03910  0.03196  1.14978  0.000193  0.000117  0.007320    1.6537    1.7216  0.00015  0.00022  0.00031
   0.97255  0.03329  0.02976  1.13715  0.000177  0.000104  0.007675    1.7051    1.7093  0.00013  0.00020  0.00026
   0.97802  0.02826  0.02764  1.12199  0.000161  0.000092  0.008009    1.7589    1.6975  0.00012  0.00018  0.00022
   0.98286  0.02387  0.02560  1.10375  0.000147  0.000081  0.008354    1.8114    1.6858  0.00010  0.00016  0.00018
   0.98718  0.02003  0.02361  1.08189  0.000133  0.000072  0.008691    1.8643    1.6743  0.00008  0.00014  0.00015
   0.99107  0.01666  0.02167  1.05563  0.000121  0.000063  0.009001    1.9192    1.6632  0.00007  0.00013  0.00012
   0.99460  0.01369  0.01977  1.02395  0.000109  0.000055  0.009262    1.9768    1.6522  0.00006  0.00011  0.00010
   0.99781  0.01108  0.01789  0.98556  0.000098  0.000048  0.009437    2.0383    1.6413  0.00005  0.00010  0.00008
   1.00078  0.00879  0.01602  0.93874  0.000088  0.000042  0.009515    2.1012    1.6309  0.00004  0.00008  0.00006
   1.00352  0.00678  0.01415  0.88164  0.000079  0.000037  0.009354    2.1718    1.6201  0.00003  0.00007  0.00004
   1.00607  0.00505  0.01227  0.81229  0.000072  0.000032  0.008830    2.2482    1.6093  0.00002  0.00006  0.00003
   1.00847  0.00358  0.01038  0.72791  0.000066  0.000029  0.008373    2.2799    1.6051  0.00002  0.00005  0.00002
   1.01072  0.00236  0.00848  0.62630  0.000061  0.000027  0.007976    2.2630    1.6074  0.00001  0.00004  0.00001
   1.01286  0.00140  0.00657  0.50718  0.000057  0.000025  0.007027    2.2504    1.6090  0.00001  0.00003  0.00001
   1.01490  0.00070  0.00466  0.37205  0.000053  0.000024  0.005524    2.2398    1.6194  0.00000  0.00002  0.00000
   1.01685  0.00024  0.00276  0.22541  0.000051  0.000023  0.003503    2.2319    1.6207  0.00000  0.00001  0.00000
   1.01872  0.00003  0.00091  0.07459  0.000051  0.000023  0.001179    2.2295    1.6211  0.00000  0.00000  0.00000
   1.02053  0.00003 -0.00091 -0.07459  0.000051  0.000023  0.001179    2.2295    1.6211  0.00000 -0.00000 -0.00000
   1.02240  0.00024 -0.00276 -0.22541  0.000051  0.000023  0.003503    2.2319    1.6207  0.00000 -0.00001 -0.00000
   1.02434  0.00070 -0.00466 -0.37205  0.000053  0.000024  0.005524    2.2398    1.6194  0.00000 -0.00002 -0.00000
   1.02638  0.00140 -0.00657 -0.50718  0.000057  0.000025  0.007027    2.2504    1.6090  0.00001 -0.00003 -0.00001
   1.02852  0.00236 -0.00848 -0.62630  0.000061  0.000027  0.007976    2.2630    1.6074  0.00001 -0.00004 -0.00001
   1.03078  0.00358 -0.01038 -0.72791  0.000066  0.000029  0.008373    2.2799    1.6051  0.00002 -0.00005 -0.00002
   1.03317  0.00505 -0.01227 -0.81229  0.000072  0.000032  0.008830    2.2482    1.6093  0.00002 -0.00006 -0.00003
   1.03573  0.00678 -0.01415 -0.88164  0.000079  0.000037  0.009354    2.1718    1.6201  0.00003 -0.00007 -0.00004
   1.03847  0.00879 -0.01602 -0.93874  0.000088  0.000042  0.009515    2.1012    1.6309  0.00004 -0.00008 -0.00006
   1.04143  0.01108 -0.01789 -0.98556  0.000098  0.000048  0.009437    2.0383    1.6413  0.00005 -0.00010 -0.00008
   1.04465  0.01369 -0.01977 -1.02395  0.000109  0.000055  0.009262    1.9768    1.6522  0.00006 -0.00011 -0.00010
   1.04817  0.01666 -0.02167 -1.05563  0.000121  0.000063  0.009001    1.9192    1.6632  0.00007 -0.00013 -0.00012
   1.05206  0.02003 -0.02361 -1.08189  0.000133  0.000072  0.008691    1.8643    1.6743  0.00008 -0.00014 -0.00015
   1.05638  0.02387 -0.02560 -1.10375  0.000147  0.000081  0.008354    1.8114    1.6858  0.00010 -0.00016 -0.00018
   1.06122  0.02826 -0.02764 -1.12199  0.000161  0.000092  0.008009    1.7589    1.6975  0.00012 -0.00018 -0.00022
   1.06669  0.03329 -0.02976 -1.13715  0.000177  0.000104  0.007675    1.7051    1.7093  0.00013 -0.00020 -0.00026
   1.07290  0.03910 -0.03196 -1.14978  0.000193  0.000117  0.007320    1.6537    1.7216  0.00015 -0.00022 -0.00031
   1.07998  0.04581 -0.03424 -1.16009  0.000211  0.000132  0.006973    1.6018    1.7351  0.00018 -0.00025 -0.00036
   1.08806  0.05354 -0.03659 -1.16812  0.000230  0.000149  0.006643    1.5480    1.7505  0.00020 -0.00027 -0.00041
   1.09724  0.06239 -0.03900 -1.17466  0.000254  0.000168  0.006725    1.5129    1.7610  0.00023 -0.00030 -0.00048
   1.10756  0.07242 -0.04142 -1.17988  0.000284  0.000190  0.006667    1.4949    1.7626  0.00026 -0.00034 -0.00055
   1.11897  0.08358 -0.04381 -1.18367  0.000319  0.000215  0.006496    1.4874    1.7608  0.00030 -0.00038 -0.00063
   1.13135  0.09575 -0.04609 -1.18605  0.000358  0.000241  0.006306    1.4826    1.7585  0.00034 -0.00042 -0.00071
   1.14454  0.10877 -0.04824 -1.18721  0.000398  0.000269  0.006129    1.4778    1.7568  0.00038 -0.00047 -0.00079
   1.15837  0.12246 -0.05022 -1.18737  0.000440  0.000299  0.005967    1.4729    1.7556  0.00042 -0.00052 -0.00088
   1.17269  0.13666 -0.05200 -1.18671  0.000484  0.000330  0.005819    1.4680    1.7548  0.00046 -0.00057 -0.00097
   1.18738  0.15127 -0.05358 -1.18540  0.000528  0.000361  0.005681    1.4634    1.7543  0.00051 -0.00063 -0.00105
   1.20236  0.16619 -0.05497 -1.18356  0.000573  0.000393  0.005552    1.4593    1.7539  0.00055 -0.00068 -0.00114
   1.21757  0.18135 -0.05616 -1.18128  0.000619  0.000425  0.005429    1.4555    1.7536  0.00059 -0.00073 -0.00123
   1.23296  0.19670 -0.05718 -1.17865  0.000666  0.000459  0.005313    1.4521    1.7534  0.00064 -0.00078 -0.00132
   1.24851  0.21222 -0.05803 -1.17573  0.000713  0.000492  0.005201    1.4490    1.7533  0.00068 -0.00084 -0.00140
   1.26418  0.22788 -0.05871 -1.17256  0.000761  0.000526  0.005095    1.4463    1.7532  0.00072 -0.00089 -0.00149
   1.27996  0.24366 -0.05924 -1.16918  0.000809  0.000561  0.004994    1.4438    1.7531  0.00077 -0.00095 -0.00157
   1.29584  0.25953 -0.05963 -1.16564  0.000858  0.000595  0.004896    1.4416    1.7530  0.00081 -0.00100 -0.00165
   1.31181  0.27550 -0.05988 -1.16196  0.000908  0.000631  0.004803    1.4396    1.7529  0.00085 -0.00105 -0.00173
   1.32785  0.29154 -0.06000 -1.15816  0.000958  0.000666  0.004713    1.4378    1.7529  0.00089 -0.00111 -0.00181
   1.34397  0.30766 -0.06000 -1.15426  0.001009  0.000702  0.004626    1.4361    1.7528  0.00094 -0.00116 -0.00189
   1.36015  0.32383 -0.05989 -1.15028  0.001060  0.000739  0.004543    1.4345    1.7528  0.00098 -0.00122 -0.00197
   1.37638  0.34007 -0.05967 -1.14624  0.001112  0.000776  0.004462    1.4331    1.7527  0.00102 -0.00127 -0.00205
   1.39267  0.35635 -0.05935 -1.14215  0.001164  0.000813  0.004384    1.4319    1.7527  0.00106 -0.00133 -0.00212
   1.40900  0.37268 -0.05893 -1.13802  0.001217  0.000851  0.004309    1.4307    1.7527  0.00110 -0.00138 -0.00220
   1.42538  0.38905 -0.05842 -1.13386  0.001270  0.000889  0.004236    1.4296    1.7526  0.00114 -0.00144 -0.00227
   1.44181  0.40546 -0.05782 -1.12968  0.001324  0.000927  0.004166    1.4286    1.7526  0.00118 -0.00150 -0.00234
   1.45826  0.42191 -0.05714 -1.12548  0.001379  0.000966  0.004098    1.4277    1.7525  0.00122 -0.00155 -0.00241
   1.47476  0.43839 -0.05639 -1.12127  0.001434  0.001005  0.004032    1.4268    1.7525  0.00126 -0.00161 -0.00248
   1.49129  0.45489 -0.05555 -1.11705  0.001490  0.001045  0.003968    1.4260    1.7524  0.00130 -0.00166 -0.00255
   1.50784  0.47143 -0.05465 -1.11283  0.001546  0.001085  0.003905    1.4253    1.7524  0.00134 -0.00172 -0.00262
   1.52443  0.48798 -0.05368 -1.10862  0.001603  0.001125  0.003844    1.4247    1.7523  0.00138 -0.00178 -0.00269
   1.54104  0.50456 -0.05265 -1.10440  0.001661  0.001166  0.003785    1.4241    1.7523  0.00142 -0.00183 -0.00275
   1.55768  0.52116 -0.05156 -1.10018  0.001719  0.001207  0.003728    1.4236    1.7522  0.00146 -0.00189 -0.00282
   1.57433  0.53778 -0.05041 -1.09597  0.001777  0.001249  0.003672    1.4231    1.7521  0.00150 -0.00195 -0.00288
   1.59101  0.55441 -0.04920 -1.09175  0.001837  0.001291  0.003617    1.4227    1.7520  0.00154 -0.00201 -0.00294
   1.60771  0.57106 -0.04794 -1.08753  0.001897  0.001334  0.003563    1.4224    1.7519  0.00158 -0.00206 -0.00301
   1.62442  0.58772 -0.04663 -1.08331  0.001958  0.001377  0.003510    1.4221    1.7518  0.00162 -0.00212 -0.00307
   1.64115  0.60440 -0.04527 -1.07907  0.002020  0.001421  0.003458    1.4219    1.7516  0.00165 -0.00218 -0.00313
   1.65789  0.62108 -0.04387 -1.07481  0.002083  0.001465  0.003406    1.4218    1.7514  0.00169 -0.00224 -0.00319
   1.67465  0.63777 -0.04241 -1.07053  0.002147  0.001510  0.003355    1.4218    1.7512  0.00173 -0.00230 -0.00324
   1.69141  0.65447 -0.04092 -1.06621  0.002212  0.001555  0.003305    1.4219    1.7510  0.00177 -0.00236 -0.00330
   1.70819  0.67118 -0.03938 -1.06185  0.002278  0.001602  0.003254    1.4221    1.7507  0.00181 -0.00242 -0.00336
   1.72497  0.68789 -0.03781 -1.05743  0.002346  0.001649  0.003204    1.4224    1.7504  0.00184 -0.00248 -0.00341
   1.74177  0.70460 -0.03619 -1.05294  0.002415  0.001698  0.003154    1.4229    1.7500  0.00188 -0.00254 -0.00347
   1.75856  0.72132 -0.03453 -1.04836  0.002487  0.001747  0.003103    1.4235    1.7496  0.00192 -0.00261 -0.00352
   1.77536  0.73803 -0.03284 -1.04367  0.002561  0.001798  0.003051    1.4244    1.7491  0.00196 -0.00267 -0.00357
   1.79217  0.75475 -0.03111 -1.03885  0.002637  0.001850  0.002998    1.4254    1.7485  0.00200 -0.00274 -0.00363
   1.80898  0.77146 -0.02934 -1.03386  0.002717  0.001904  0.002944    1.4267    1.7477  0.00204 -0.00281 -0.00368
   1.82579  0.78817 -0.02753 -1.02868  0.002801  0.001961  0.002888    1.4284    1.7469  0.00207 -0.00288 -0.00373
   1.84259  0.80488 -0.02569 -1.02326  0.002889  0.002020  0.002829    1.4304    1.7459  0.00211 -0.00296 -0.00378
   1.85940  0.82158 -0.02381 -1.01756  0.002982  0.002081  0.002768    1.4329    1.7447  0.00216 -0.00303 -0.00383
   1.87620  0.83827 -0.02189 -1.01151  0.003083  0.002147  0.002703    1.4359    1.7432  0.00220 -0.00312 -0.00387
   1.89299  0.85494 -0.01994 -1.00504  0.003192  0.002217  0.002633    1.4397    1.7415  0.00224 -0.00321 -0.00392
   1.90976  0.87160 -0.01796 -0.99805  0.003312  0.002293  0.002558    1.4444    1.7394  0.00228 -0.00331 -0.00397
   1.92649  0.88821 -0.01594 -0.99041  0.003446  0.002376  0.002475    1.4503    1.7368  0.00233 -0.00341 -0.00401
   1.94315  0.90474 -0.01389 -0.98199  0.003599  0.002469  0.002384    1.4578    1.7336  0.00238 -0.00353 -0.00405
   1.95966  0.92112 -0.01182 -0.97259  0.003775  0.002573  0.002281    1.4674    1.7296  0.00243 -0.00367 -0.00409
   1.97587  0.93720 -0.00974 -0.96201  0.003983  0.002692  0.002165    1.4798    1.7245  0.00249 -0.00383 -0.00413
   1.99152  0.95272 -0.00771 -0.95011  0.004233  0.002830  0.002033    1.4960    1.7180  0.00255 -0.00402 -0.00417
   2.00620  0.96727 -0.00576 -0.93688  0.004534  0.002989  0.001886    1.5170    1.7098  0.00262 -0.00425 -0.00420
   2.01942  0.98037 -0.00398 -0.92268  0.004890  0.003168  0.001727    1.5435    1.6999  0.00270 -0.00451 -0.00423
   2.03084  0.99168 -0.00242 -0.90784  0.005309  0.003368  0.001561    1.5762    1.6881  0.00278 -0.00482 -0.00425
   2.03924  1.00000 -0.00126 -0.89699  0.005649  0.003525  0.001442    1.6027    1.6795  0.00284 -0.00507 -0.00427
   2.03924  1.00010 -0.00000  0.89699  0.013794  0.007050  0.000000    1.9566
   2.04764  1.00850  0.00000  0.87949  0.012706  0.007600  0.000000    1.6718
   2.05721  1.01807  0.00000  0.89218  0.011586  0.007214  0.000000    1.6060
   2.06811  1.02897  0.00000  0.90393  0.010679  0.006884  0.000000    1.5513
   2.08053  1.04139  0.00000  0.91466  0.009935  0.006603  0.000000    1.5047
   2.09468  1.05553  0.00000  0.92439  0.009316  0.006364  0.000000    1.4638
   2.11079  1.07165  0.00000  0.93314  0.008793  0.006161  0.000000    1.4273
   2.12915  1.09000  0.00000  0.94096  0.008346  0.005988  0.000000    1.3939
   2.15005  1.11091  0.00000  0.94796  0.007959  0.005840  0.000000    1.3628
   2.17387  1.13473  0.00000  0.95420  0.007619  0.005713  0.000000    1.3336
   2.20100  1.16186  0.00000  0.95979  0.007317  0.005603  0.000000    1.3058
   2.23190  1.19276  0.00000  0.96479  0.007046  0.005508  0.000000    1.2792
   2.26711  1.22797  0.00000  0.96927  0.006802  0.005426  0.000000    1.2537
   2.30721  1.26807  0.00000  0.97327  0.006582  0.005353  0.000000    1.2294
   2.35289  1.31375  0.00000  0.97685  0.006381  0.005291  0.000000    1.2062
   2.40493  1.36578  0.00000  0.98005  0.006200  0.005236  0.000000    1.1842
   2.46420  1.42506  0.00000  0.98289  0.006037  0.005188  0.000000    1.1637
   2.53172  1.49258  0.00000  0.98540  0.005890  0.005146  0.000000    1.1446
   2.60863  1.56949  0.00000  0.98761  0.005759  0.005110  0.000000    1.1271
   2.69625  1.65711  0.00000  0.98955  0.005644  0.005079  0.000000    1.1112
   2.79605  1.75691  0.00000  0.99123  0.005542  0.005052  0.000000    1.0970
   2.90974  1.87060  0.00000  0.99268  0.005455  0.005030  0.000000    1.0845
   3.03924  2.00010  0.00000  0.99416  0.005374  0.005007  0.000000    1.0735
