# Ludwieg and Tillman Mild Adverse Pressure Gradient
IDENT = 1200
V = 0.150000

# Summary data
# x     UI      DUI   THETA    H      HS      G       CF     CFLT      CFE     BETA
0.782  33.00  -4.150  0.245  1.384  1.782   7.270  0.00292  0.00283  0.00283   0.292
1.282  31.20  -4.150  0.389  1.400  1.759   8.100  0.00249  0.00248  0.00245   0.582
1.782  28.80  -4.150  0.603  1.460  1.726   9.846  0.00205  0.00205  0.00220   1.241
2.282  27.10  -4.150  0.811  1.457  1.721  10.061  0.00194  0.00193  0.00197   1.861
2.782  24.65  -4.150  1.203  1.535  1.688  12.507  0.00155  0.00158  0.00160   4.004
3.132  23.45  -3.800  1.523  1.604  1.664  14.625  0.00133  0.00135  0.00138   5.967
3.332  22.90  -2.920  1.809  1.648  1.651  16.017  0.00120  0.00121  0.00123   6.312
3.532  22.43  -1.800  2.158  1.725  1.627  18.676  0.00101  0.00103  0.00106   5.897
3.732  22.10  -0.650  2.500  1.796  1.607  21.107  0.00088  0.00089  0.00095   2.996
3.932  22.13   0.600  3.276  2.040  1.558  29.538  0.00060  0.00057  0.00073  -6.082

# Edge velocity plot
# x    UI      DUI
0.78  33.36  -4.13
1.00  32.08  -4.13
1.50  30.07  -4.13
2.00  28.05  -4.13
2.50  26.01  -4.13
3.00  24.00  -4.09
3.25  23.16  -3.25
3.50  22.56  -1.94
3.75  22.25  -0.50
3.95  22.23   1.02
